23
200 //jump line 1
23
211 //line 2
23
321 //line 3
23
519
23
695
23
838
50


.100 //loop function X will have loop counter Y has ascii to print
17 //cpy y to AC
9  //print Y
2 
26 //dec x by 1
15 //move x into AC
22 //loop while x != 0
100
24 //return 

.110 //new line function
1
10 //load newline
9 //print newline
2
24 //return

.150 //data cotains ascii chars
95 "_"       //150
92 // "\"    // 151
47 // "/"    //152
32 // " "    //153
124 // "|"   //154


.200
2
150
16
1
9
14
23
100
23
110
24
.211
2
151
16
1
1
14
23
100
2
150
16
1
1
14
23
100
2
153
16
1
3
14
23
100
2
150
16
1
3
14
23
100
2
153
16
1
1
14
23
100
2
151
16
1
1
14
23
100
2
153
16
1
6
14
23
100
2
150
16
1
2
14
23
100
2
153
16
1
10
14
23
100
2
150
16
1
2       
14
23
100
23
110
24
.321
2
152
16
1
1
14
23
100
2
153
16
1
4
14
23
100
2
151
16
1
1
14
23
100
2
153
16
1
2
14
23
100
2
151
16
1
1
14
23
100
2
152
16
1
1
14
23
100
2
153
16
1
3
14
23
100
2
150
16
1
2
14
23
100
2
154
16
1
1
14
23
100
2
153
16
1
2
14
23
100
2
154
16
1
1
14
23
100
2
150
16
1
3
14
23
100
2
153
16
1
3
14
23
100
2
150
16
1
2
14
23
100
2
154
16
1
1
14
23
100
2
153
16
1
2
14
23
100
2
154
16
1
1
14
23
100
2
150
16
1
3
14
23
100
23
110
24
.519
2
151
16
1
1
14
23
100
2
153
16
1
5
14
23
100
2
151
16
1
1
14
23
100
2
150
16
1
4
14
23
100
2
153
16
1
1
14
23
100
2
152
16
1
1
14
23
100
2
150
16
1
2
14
23
100
2
153
16
1
4
14
23
100
2
150
16
1
2
14
23
100
2
152
16
1
1
14
23
100
2
153
16
1
2
14
23
100
2
152
16
1
1
14
23
100
2
150
16
1
2
14
23
100
2
153
16
1
4
14
23
100
2
150
16
1
2
14
23
100
2
152
16
1
1
14
23
100
23
110
24
.695
2
153
16
1
1
14
23
100
2
151
16
1
1
14
23
100
2
150
16
1
6
14
23
100
2
153
16
1
2
14
23
100
2
152
16
1
1
14
23
100
2
153
16
1
4
14
23
100
2
154
16
1
1
14
23
100
2
150
16
1
2
14
23
100
2
154
16
1
1
14
23
100
2
153
16
1
8
14
23
100
2
154
16
1
1
14
23
100
2
150
16
1
2
14
23
100
2
154
16
1
1
14
23
100
23
110
24
.838
2
153
16
1
8
14
23
100
2
151
16
1
1
14
23
100
2
152
16
1
1
14
23
100
23
110
24
